[gd_scene load_steps=18 format=2]

[ext_resource path="res://environment/Terrain_partitioned.tscn" type="PackedScene" id=1]
[ext_resource path="res://environment/box1.tscn" type="PackedScene" id=2]
[ext_resource path="res://level_env.tres" type="Environment" id=3]
[ext_resource path="res://player/PlayerCharacter.tscn" type="PackedScene" id=4]
[ext_resource path="res://environment/silo.tscn" type="PackedScene" id=5]
[ext_resource path="res://environment/fence1.tscn" type="PackedScene" id=6]
[ext_resource path="res://environment/fence2.tscn" type="PackedScene" id=7]
[ext_resource path="res://items/Fertilizerpile.tscn" type="PackedScene" id=8]
[ext_resource path="res://items/potion3.tscn" type="PackedScene" id=9]
[ext_resource path="res://environment/rock1.tscn" type="PackedScene" id=10]
[ext_resource path="res://environment/rock2.tscn" type="PackedScene" id=11]
[ext_resource path="res://environment/rock3.tscn" type="PackedScene" id=12]
[ext_resource path="res://environment/rock4.tscn" type="PackedScene" id=13]
[ext_resource path="res://tree/Tree.tscn" type="PackedScene" id=14]
[ext_resource path="res://environment/lantern.tscn" type="PackedScene" id=15]
[ext_resource path="res://items/axe.tscn" type="PackedScene" id=16]
[ext_resource path="res://items/ItemSpawner.gd" type="Script" id=17]

[node name="Level" type="Spatial"]

[node name="Terrain" parent="." instance=ExtResource( 1 )]
transform = Transform( 1, 0, 0, 0, 1, 0, 0, 0, 1, 2.66671, -7.5766, -8.17809 )

[node name="WorldEnvironment" type="WorldEnvironment" parent="."]
environment = ExtResource( 3 )

[node name="ItemSpawner" type="Node" parent="."]
script = ExtResource( 17 )
spawnInterval = 60.0
thingsToSpawn = [ ExtResource( 8 ), ExtResource( 9 ) ]

[node name="Spatial" type="Spatial" parent="ItemSpawner"]
transform = Transform( 0.97297, 0.230933, 0, -0.230933, 0.97297, 0, 0, 0, 1, 52.7034, -6.11462, 21.526 )

[node name="Position3D" type="Position3D" parent="ItemSpawner/Spatial"]

[node name="Spatial2" type="Spatial" parent="ItemSpawner"]
transform = Transform( 0.97297, 0.230933, 0, -0.230933, 0.97297, 0, 0, 0, 1, 3.76649, -3.8661, -39.2933 )

[node name="Position3D" type="Position3D" parent="ItemSpawner/Spatial2"]

[node name="Spatial3" type="Spatial" parent="ItemSpawner"]
transform = Transform( 1, 0, 0, 0, 1, 0, 0, 0, 1, -36, -4.42298, 19 )

[node name="Position3D" type="Position3D" parent="ItemSpawner/Spatial3"]

[node name="Spatial4" type="Spatial" parent="ItemSpawner"]
transform = Transform( 1, 0, 0, 0, 1, 0, 0, 0, 1, -39.8664, -5.11232, 11.081 )

[node name="Position3D" type="Position3D" parent="ItemSpawner/Spatial4"]

[node name="Spatial9" type="Spatial" parent="ItemSpawner"]
transform = Transform( -0.148759, 0.0625914, -0.986891, 0, 0.997995, 0.0632957, 0.988873, 0.00941579, -0.148461, 16.3645, -5.93295, 48.2976 )

[node name="Position3D" type="Position3D" parent="ItemSpawner/Spatial9"]

[node name="Spatial11" type="Spatial" parent="ItemSpawner"]
transform = Transform( 0.808699, -0.0372319, 0.587043, 0, 0.997995, 0.0632957, -0.588223, -0.0511871, 0.807077, 75.3531, -4.66734, 29.9562 )

[node name="Position3D" type="Position3D" parent="ItemSpawner/Spatial11"]

[node name="Spatial10" type="Spatial" parent="ItemSpawner"]
transform = Transform( -0.848233, 0.0335228, -0.528561, 0, 0.997995, 0.0632957, 0.529623, 0.0536895, -0.846532, 40.7131, 0.79064, 75.6304 )

[node name="Position3D" type="Position3D" parent="ItemSpawner/Spatial10"]

[node name="Spatial5" type="Spatial" parent="ItemSpawner"]
transform = Transform( 1, 0, 0, 0, 1, 0, 0, 0, 1, -10.7946, -6.20273, -65.0021 )

[node name="Position3D" type="Position3D" parent="ItemSpawner/Spatial5"]

[node name="Spatial12" type="Spatial" parent="ItemSpawner"]
transform = Transform( 0.734855, 0, 0.678224, 0, 1, 0, -0.678224, 0, 0.734855, 45.7987, -5.93699, -53.5304 )

[node name="Position3D" type="Position3D" parent="ItemSpawner/Spatial12"]

[node name="Spatial13" type="Spatial" parent="ItemSpawner"]
transform = Transform( -0.678442, 0, 0.734654, 0, 1, 0, -0.734654, 0, -0.678442, 70.8749, -5.24235, -28.2329 )

[node name="Position3D" type="Position3D" parent="ItemSpawner/Spatial13"]

[node name="Spatial6" type="Spatial" parent="ItemSpawner"]
transform = Transform( 0.192625, 0, -0.981273, 0, 1, 0, 0.981273, 0, 0.192625, -45.781, -6.26704, -57.9801 )

[node name="Position3D" type="Position3D" parent="ItemSpawner/Spatial6"]

[node name="Spatial7" type="Spatial" parent="ItemSpawner"]
transform = Transform( 1, 0, 0, 0, 1, 0, 0, 0, 1, -37.6091, -6.32695, -63.2646 )

[node name="Position3D" type="Position3D" parent="ItemSpawner/Spatial7"]

[node name="Spatial8" type="Spatial" parent="ItemSpawner"]
transform = Transform( -0.973042, 0, -0.230627, 0, 1, 0, 0.230627, 0, -0.973042, -70.4138, -5.22335, -35.2161 )

[node name="Position3D" type="Position3D" parent="ItemSpawner/Spatial8"]

[node name="Items" type="Node" parent="."]

[node name="axe" parent="Items" instance=ExtResource( 16 )]
transform = Transform( 0.430795, 0.90245, 1.47028e-07, 0, -1.62921e-07, 1, 0.90245, -0.430795, -7.01853e-08, 21.5948, -5.01795, -29.7878 )

[node name="PlayerCharacter" parent="." instance=ExtResource( 4 )]
transform = Transform( 1, 0, 0, 0, 1, 0, 0, 0, 1, 7.2606, -0.73818, -18.993 )
pickupRadius = 2.0
movementForce = 1500.0
maxPlanarSpeed = 8.0
jumpSpeed = 7.0

[node name="Tree" parent="." instance=ExtResource( 14 )]
transform = Transform( 0.958582, 0, -0.284819, 0, 1, 0, 0.284819, 0, 0.958582, -3.90041, 1.90735e-06, -18.9712 )

[node name="Environment" type="Node" parent="."]

[node name="fence1" parent="Environment" instance=ExtResource( 6 )]
transform = Transform( -0.909585, 0.00891851, -0.415422, 0.0156733, 0.999794, -0.0128531, 0.415223, -0.018202, -0.909537, -46.5756, -6.47397, 6.9408 )

[node name="fence2" parent="Environment" instance=ExtResource( 7 )]
transform = Transform( -0.909585, 0.00891851, -0.415422, 0.0156733, 0.999794, -0.0128531, 0.415223, -0.018202, -0.909537, -48.7636, -6.43885, 7.94164 )

[node name="rock1" parent="Environment" instance=ExtResource( 10 )]
transform = Transform( 0.908807, 0, -0.417217, 0, 1, 0, 0.417217, 0, 0.908807, 24.0335, -4.68865, -38.2289 )

[node name="rock2" parent="Environment" instance=ExtResource( 11 )]
transform = Transform( -0.0194941, 0, -0.99981, 0, 1, 0, 0.99981, 0, -0.0194941, 25.0028, -4.46492, -35.902 )

[node name="rock3" parent="Environment" instance=ExtResource( 12 )]
transform = Transform( -0.807641, 0, -0.589675, 0, 1, 0, 0.589675, 0, -0.807641, 21.5315, -4.04828, -41.0046 )

[node name="rock4" parent="Environment" instance=ExtResource( 13 )]
transform = Transform( -0.0803907, 0, 0.996763, 0, 1, 0, -0.996763, 0, -0.0803907, 25.1111, -3.62214, -40.2612 )

[node name="rock5" parent="Environment" instance=ExtResource( 13 )]
transform = Transform( -0.475317, 0, -0.879815, 0, 1, 0, 0.879815, 0, -0.475317, 26.1519, -3.62214, -38.0373 )

[node name="box1" parent="Environment" instance=ExtResource( 2 )]
transform = Transform( 0.999054, 0, -0.0434973, 0, 1, 0, 0.0434973, 0, 0.999054, 14.7533, -6.75327, -58.2359 )

[node name="box12" parent="Environment" instance=ExtResource( 2 )]
transform = Transform( 0.995835, 0, -0.0911714, 0, 1, 0, 0.0911714, 0, 0.995835, 16.8635, -6.75327, -57.769 )

[node name="box23" parent="Environment" instance=ExtResource( 2 )]
transform = Transform( 0.942373, 0, -0.334564, 0, 1, 0, 0.334564, 0, 0.942373, 15.0836, -4.65327, -58.3194 )

[node name="box13" parent="Environment" instance=ExtResource( 2 )]
transform = Transform( 0.994533, 0, -0.104424, 0, 1, 0, 0.104424, 0, 0.994533, 19.0797, -6.75327, -58.0073 )

[node name="box20" parent="Environment" instance=ExtResource( 2 )]
transform = Transform( 0.994533, 0, -0.104424, 0, 1, 0, 0.104424, 0, 0.994533, 20.8797, -4.65327, -56.6073 )

[node name="box14" parent="Environment" instance=ExtResource( 2 )]
transform = Transform( 0.995835, 0, -0.0911714, 0, 1, 0, 0.0911714, 0, 0.995835, 21.1882, -6.71044, -56.7377 )

[node name="box15" parent="Environment" instance=ExtResource( 2 )]
transform = Transform( 0.999397, 0, -0.0347251, 0, 1, 0, 0.0347251, 0, 0.999397, 18.9817, -6.62578, -55.793 )

[node name="box16" parent="Environment" instance=ExtResource( 2 )]
transform = Transform( 0.990447, 0, -0.137894, 0, 1, 0, 0.137894, 0, 0.990447, 16.7019, -6.62578, -55.4977 )

[node name="box17" parent="Environment" instance=ExtResource( 2 )]
transform = Transform( 0.995835, 0, -0.0911714, 0, 1, 0, 0.0911714, 0, 0.995835, 18.9744, -6.47902, -53.5513 )

[node name="box24" parent="Environment" instance=ExtResource( 2 )]
transform = Transform( 0.996538, 0, 0.0831387, 0, 1, 0, -0.0831387, 0, 0.996538, 18.3359, -4.37902, -55.0284 )

[node name="box19" parent="Environment" instance=ExtResource( 2 )]
transform = Transform( 0.969872, -0.226855, -0.0887944, 0.22591, 0.973929, -0.0206827, 0.0911714, 0, 0.995835, 21.5093, -6.12498, -54.3189 )

[node name="box21" parent="Environment" instance=ExtResource( 2 )]
transform = Transform( 0.989446, -0.113099, -0.0905864, 0.112628, 0.993584, -0.0103114, 0.0911714, 0, 0.995835, 20.68, -3.9549, -54.1821 )

[node name="box22" parent="Environment" instance=ExtResource( 2 )]
transform = Transform( 0.959924, -0.15651, -0.23249, 0.20725, 0.954835, 0.212927, 0.188664, -0.252578, 0.949005, 21.0897, -5.49508, -51.6374 )

[node name="box18" parent="Environment" instance=ExtResource( 2 )]
transform = Transform( 0.970909, 0, -0.239449, 0, 1, 0, 0.239449, 0, 0.970909, 17.2959, -6.88899, -60.3158 )

[node name="silo" parent="Environment" instance=ExtResource( 5 )]
transform = Transform( 1, 0, 0, 0, 1, 0, 0, 0, 1, -43.3055, -6.66581, 5.48412 )

[node name="silo2" parent="Environment" instance=ExtResource( 5 )]
transform = Transform( 1, 0, 0, 0, 1, 0, 0, 0, 1, -32.3589, -5.69122, 22.8204 )

[node name="silo3" parent="Environment" instance=ExtResource( 5 )]
transform = Transform( 1, 0, 0, 0, 1, 0, 0, 0, 1, -35.4413, -6.40686, 25.5797 )

[node name="lantern" parent="Environment" instance=ExtResource( 15 )]
transform = Transform( 0.99708, 0.0165285, -0.0745546, -0.0173563, 0.999795, -0.0104696, 0.0743662, 0.011733, 0.997162, -48.8139, -5.46188, 7.90895 )

[node name="box2" parent="Environment" instance=ExtResource( 2 )]
transform = Transform( 0.906308, 0, 0.422618, 0, 1, 0, -0.422618, 0, 0.906308, -49.7309, -6.84176, 16.274 )

[node name="box8" parent="Environment" instance=ExtResource( 2 )]
transform = Transform( 0.906308, 0, 0.422618, 0, 1, 0, -0.422618, 0, 0.906308, -49.6026, -4.74176, 16.3803 )

[node name="box9" parent="Environment" instance=ExtResource( 2 )]
transform = Transform( 0.86239, 0, 0.506245, 0, 1, 0, -0.506245, 0, 0.86239, -51.3828, -4.46557, 17.8066 )

[node name="box3" parent="Environment" instance=ExtResource( 2 )]
transform = Transform( 0.906308, 0, 0.422618, 0, 1, 0, -0.422618, 0, 0.906308, -51.5545, -6.57148, 17.626 )

[node name="box4" parent="Environment" instance=ExtResource( 2 )]
transform = Transform( 0.906308, 0, 0.422618, 0, 1, 0, -0.422618, 0, 0.906308, -50.4108, -6.57148, 19.6051 )

[node name="box10" parent="Environment" instance=ExtResource( 2 )]
transform = Transform( 0.767143, 0, 0.641476, 0, 1, 0, -0.641476, 0, 0.767143, -49.0093, -4.37148, 18.8516 )

[node name="box5" parent="Environment" instance=ExtResource( 2 )]
transform = Transform( 0.906308, 0, 0.422618, 0, 1, 0, -0.422618, 0, 0.906308, -49.5704, -6.56433, 21.648 )

[node name="box11" parent="Environment" instance=ExtResource( 2 )]
transform = Transform( 0.965926, 0, 0.258819, 0, 1, 0, -0.258819, 0, 0.965926, -48.8286, -4.46433, 21.7484 )

[node name="box6" parent="Environment" instance=ExtResource( 2 )]
transform = Transform( 0.906308, 0, 0.422618, 0, 1, 0, -0.422618, 0, 0.906308, -47.8627, -6.47832, 23.2175 )

[node name="box7" parent="Environment" instance=ExtResource( 2 )]
transform = Transform( 0.904063, -0.070331, 0.421572, 0.0158702, 0.991212, 0.13133, -0.427103, -0.112041, 0.897234, -47.5794, -6.51948, 19.1995 )

[node name="fence3" parent="Environment" instance=ExtResource( 6 )]
transform = Transform( 0.863437, -0.0792872, 0.498187, 0.0651963, 0.996828, 0.045651, -0.500227, -0.00693673, 0.865867, -38.2833, -5.83748, 27.4053 )

[node name="fence4" parent="Environment" instance=ExtResource( 6 )]
transform = Transform( -0.863432, -0.0792909, -0.498194, -0.0651957, 0.996827, -0.0456594, 0.500234, -0.00694365, -0.865862, -40.5078, -5.96878, 28.8143 )

[node name="lantern" parent="Environment/fence4" instance=ExtResource( 15 )]
transform = Transform( 0.940796, -0.0193733, -0.338419, 0.0116453, 0.999625, -0.0248514, 0.338773, 0.0194392, 0.940668, -1.25253, 0.984919, 0.0518703 )

[node name="fence5" parent="Environment" instance=ExtResource( 6 )]
transform = Transform( 0.958934, 0, -0.28363, 0, 1, 0, 0.28363, 0, 0.958934, 12.0897, -6.40315, -50.3836 )

[node name="fence6" parent="Environment" instance=ExtResource( 6 )]
transform = Transform( 0.958934, 0, -0.28363, 0, 1, 0, 0.28363, 0, 0.958934, 14.5005, -6.42451, -49.6658 )

[node name="fence7" parent="Environment" instance=ExtResource( 6 )]
transform = Transform( -0.958934, 0, 0.28363, 0, 1, 0, -0.28363, 0, -0.958934, 16.7955, -6.44501, -48.8832 )

[node name="rock6" parent="Environment" instance=ExtResource( 13 )]
transform = Transform( 0.109179, 0, 0.994022, 0, 1, 0, -0.994022, 0, 0.109179, 9.65627, -3.74236, -50.9128 )

[node name="rock7" parent="Environment" instance=ExtResource( 12 )]
transform = Transform( 1, 0, 0, 0, 1, 0, 0, 0, 1, 7.44413, -3.92667, -46.5737 )

[node name="rock8" parent="Environment" instance=ExtResource( 11 )]
transform = Transform( 0.430306, 0, -0.902683, 0, 1, 0, 0.902683, 0, 0.430306, 4.45188, -4.07899, -45.3852 )

[node name="rock9" parent="Environment" instance=ExtResource( 11 )]
transform = Transform( 0.999872, 0, 0.016004, 0, 1, 0, -0.016004, 0, 0.999872, 7.7657, -3.75567, -49.4216 )

[node name="rock10" parent="Environment" instance=ExtResource( 11 )]
transform = Transform( -0.949988, 0, 0.312285, 0, 1, 0, -0.312285, 0, -0.949988, 4.24087, -2.09851, -46.8761 )

[node name="rock11" parent="Environment" instance=ExtResource( 10 )]
transform = Transform( -0.855174, 0, -0.51834, 0, 1, 0, 0.51834, 0, -0.855174, 9.37306, -5.15554, -48.86 )

[node name="rock12" parent="Environment" instance=ExtResource( 13 )]
transform = Transform( 0.241922, 0, -0.970296, 0, 1, 0, 0.970296, 0, 0.241922, 5.76119, -2.24122, -49.0072 )

[node name="rock13" parent="Environment" instance=ExtResource( 12 )]
transform = Transform( -0.172273, 0, 0.985049, 0, 1, 0, -0.985049, 0, -0.172273, 11.1224, -5.18262, -54.2595 )

[node name="rock14" parent="Environment" instance=ExtResource( 10 )]
transform = Transform( 0.593882, 0, -0.804552, 0, 1, 0, 0.804552, 0, 0.593882, 15.4002, -6.20418, -63.9031 )

[node name="rock15" parent="Environment" instance=ExtResource( 11 )]
transform = Transform( -0.619533, 0, 0.784971, 0, 1, 0, -0.784971, 0, -0.619533, 12.1273, -4.19427, -59.2038 )

[node name="rock16" parent="Environment" instance=ExtResource( 12 )]
transform = Transform( -0.3971, 0, -0.917775, 0, 1, 0, 0.917775, 0, -0.3971, 13.5224, -4.81168, -61.7463 )

[node name="rock17" parent="Environment" instance=ExtResource( 13 )]
transform = Transform( 0.0839213, 0, 0.996472, 0, 1, 0, -0.996472, 0, 0.0839213, 12.4877, -4.06409, -56.0103 )

[node name="rock18" parent="Environment" instance=ExtResource( 11 )]
transform = Transform( -0.0570587, 0, -0.998371, 0, 1, 0, 0.998371, 0, -0.0570587, 12.9208, -3.0439, -62.3895 )

[node name="rock19" parent="Environment" instance=ExtResource( 10 )]
transform = Transform( 0.983537, 0, -0.180708, 0, 1, 0, 0.180708, 0, 0.983537, 28.7011, -6.10084, -54.7744 )

[node name="rock20" parent="Environment" instance=ExtResource( 11 )]
transform = Transform( 0.737466, 0, -0.675384, 0, 1, 0, 0.675384, 0, 0.737466, 15.8625, -5.94259, -66.7165 )

[node name="rock21" parent="Environment" instance=ExtResource( 12 )]
transform = Transform( 0.969846, 0, 0.243717, 0, 1, 0, -0.243717, 0, 0.969846, 11.207, -2.13998, -64.5112 )

[node name="rock22" parent="Environment" instance=ExtResource( 13 )]
transform = Transform( -0.91033, 0, -0.413883, 0, 1, 0, 0.413883, 0, -0.91033, 11.8032, -2.30356, -61.0452 )

[node name="rock23" parent="Environment" instance=ExtResource( 12 )]
transform = Transform( 0.993766, 0, 0.111486, 0, 1, 0, -0.111486, 0, 0.993766, 10.1825, -1.91504, -58.1432 )

[node name="rock24" parent="Environment" instance=ExtResource( 11 )]
transform = Transform( 0.994544, 0, 0.10432, 0, 1, 0, -0.10432, 0, 0.994544, 14.0539, -4.36255, -64.6791 )

[node name="rock25" parent="Environment" instance=ExtResource( 12 )]
transform = Transform( 0.302769, 0, -0.953064, 0, 1, 0, 0.953064, 0, 0.302769, 8.54552, -2.88178, -54.2015 )

[node name="rock26" parent="Environment" instance=ExtResource( 11 )]
transform = Transform( 0.726214, -0.481655, 0.490532, -0.0191297, 0.699099, 0.714769, -0.687203, -0.528458, 0.498482, 6.95535, -2.12011, -51.8719 )

[node name="rock27" parent="Environment" instance=ExtResource( 12 )]
transform = Transform( -0.433203, 0, -0.901296, 0, 1, 0, 0.901296, 0, -0.433203, -73.0335, -3.04729, -82.4407 )

[node name="rock28" parent="Environment" instance=ExtResource( 13 )]
transform = Transform( 0.997216, 0, -0.074561, 0, 1, 0, 0.074561, 0, 0.997216, -70.2249, -4.46116, -83.5841 )

[node name="rock29" parent="Environment" instance=ExtResource( 10 )]
transform = Transform( 0.612824, 0, -0.790219, 0, 1, 0, 0.790219, 0, 0.612824, -71.0587, -5.31947, -81.3369 )

[node name="rock30" parent="Environment" instance=ExtResource( 10 )]
transform = Transform( 0.423788, 0, -0.905761, 0, 1, 0, 0.905761, 0, 0.423788, -71.81, -5.37015, -78.1382 )

[node name="rock31" parent="Environment" instance=ExtResource( 11 )]
transform = Transform( 0.926305, 0, -0.376774, 0, 1, 0, 0.376774, 0, 0.926305, -74.2639, -2.82033, -79.4354 )

[node name="rock32" parent="Environment" instance=ExtResource( 12 )]
transform = Transform( 1, 0, 0, 0, 1, 0, 0, 0, 1, -71.8009, -2.02436, -85.7804 )

[node name="rock33" parent="Environment" instance=ExtResource( 13 )]
transform = Transform( 0.897174, 0, 0.441678, 0, 1, 0, -0.441678, 0, 0.897174, -73.4461, -4.20107, -76.599 )

[node name="rock34" parent="Environment" instance=ExtResource( 11 )]
transform = Transform( 0.973259, 0, 0.22971, 0, 1, 0, -0.22971, 0, 0.973259, -72.6625, -4.51439, -79.3928 )

[node name="box25" parent="Environment" instance=ExtResource( 2 )]
transform = Transform( 0.987937, 0.12903, -0.0856256, -0.129505, 0.991579, 0, 0.0849045, 0.011089, 0.996327, -65.3266, -6.72124, -53.1387 )

[node name="box29" parent="Environment" instance=ExtResource( 2 )]
transform = Transform( 0.996474, 0.0692544, -0.0473685, -0.069576, 0.997563, -0.00517362, 0.0468948, 0.00845109, 0.998864, -65.2169, -4.43658, -53.3287 )

[node name="box26" parent="Environment" instance=ExtResource( 2 )]
transform = Transform( 0.995398, 0.0436512, -0.0853111, -0.0444369, 0.998985, -0.00733174, 0.0849045, 0.011089, 0.996327, -63.0056, -6.72124, -52.7496 )

[node name="box28" parent="Environment" instance=ExtResource( 2 )]
transform = Transform( 0.996018, 0.021909, 0.0864227, -0.0211818, 0.999732, -0.00932179, -0.0866037, 0.00745408, 0.996215, -62.893, -4.50463, -53.0179 )

[node name="box27" parent="Environment" instance=ExtResource( 2 )]
transform = Transform( 0.969957, 0.0413862, -0.239731, -0.0444369, 0.998985, -0.00733174, 0.239184, 0.0177644, 0.970812, -63.6696, -6.72124, -55.1394 )

[node name="rock35" parent="Environment" instance=ExtResource( 10 )]
transform = Transform( -0.932589, 0, -0.360941, 0, 1, 0, 0.360941, 0, -0.932589, -61.5752, -6.25861, -50.1761 )

[node name="rock36" parent="Environment" instance=ExtResource( 11 )]
transform = Transform( -0.66635, 0, -0.745639, 0, 1, 0, 0.745639, 0, -0.66635, -59.5916, -4.95937, -50.8886 )

[node name="rock37" parent="Environment" instance=ExtResource( 12 )]
transform = Transform( 1, 0, 0, 0, 1, 0, 0, 0, 1, -68.7699, -3.83842, -53.3165 )

[node name="rock38" parent="Environment" instance=ExtResource( 13 )]
transform = Transform( -0.815734, 0, -0.578427, 0, 1, 0, 0.578427, 0, -0.815734, -60.1558, -4.20583, -53.0019 )

[node name="rock39" parent="Environment" instance=ExtResource( 11 )]
transform = Transform( -0.905621, 0, -0.424089, 0, 1, 0, 0.424089, 0, -0.905621, -59.5835, -5.26666, -49.0171 )

[node name="rock40" parent="Environment" instance=ExtResource( 12 )]
transform = Transform( -0.782456, 0, 0.622706, 0, 1, 0, -0.622706, 0, -0.782456, -60.2714, -5.97824, -47.3244 )

[node name="rock41" parent="Environment" instance=ExtResource( 11 )]
transform = Transform( -0.571774, 0, -0.820411, 0, 1, 0, 0.820411, 0, -0.571774, -68.3746, -5.64217, -51.3709 )

[node name="rock42" parent="Environment" instance=ExtResource( 10 )]
transform = Transform( -0.682228, 0, -0.731139, 0, 1, 0, 0.731139, 0, -0.682228, -67.7934, -5.9757, -55.1633 )

[node name="rock43" parent="Environment" instance=ExtResource( 12 )]
transform = Transform( 0.895805, 0, -0.444448, 0, 1, 0, 0.444448, 0, 0.895805, -59.7305, -5.51945, -54.7009 )

[node name="rock44" parent="Environment" instance=ExtResource( 13 )]
transform = Transform( -0.985052, 0, 0.172256, 0, 1, 0, -0.172256, 0, -0.985052, -69.1805, -6.18845, -56.4675 )

[node name="rock45" parent="Environment" instance=ExtResource( 10 )]
transform = Transform( 1, 0, 0, 0, 1, 0, 0, 0, 1, -5.77156, -6.45445, 49.2418 )

[node name="rock46" parent="Environment" instance=ExtResource( 11 )]
transform = Transform( 0.927439, 0, -0.373975, 0, 1, 0, 0.373975, 0, 0.927439, -2.97621, -5.90452, 55.9263 )

[node name="rock47" parent="Environment" instance=ExtResource( 12 )]
transform = Transform( -0.982593, 0, -0.185769, 0, 1, 0, 0.185769, 0, -0.982593, -7.09513, -5.40599, 56.5307 )

[node name="rock48" parent="Environment" instance=ExtResource( 13 )]
transform = Transform( 0.937008, 0, 0.349308, 0, 1, 0, -0.349308, 0, 0.937008, 5.5756, -1.62503, 64.4769 )

[node name="rock49" parent="Environment" instance=ExtResource( 13 )]
transform = Transform( 0.437178, 0, 0.899375, 0, 1, 0, -0.899375, 0, 0.437178, -9.48505, -4.0996, 47.5044 )

[node name="rock50" parent="Environment" instance=ExtResource( 13 )]
transform = Transform( -0.952921, 0, 0.303218, 0, 1, 0, -0.303218, 0, -0.952921, -11.566, -4.08187, 49.233 )

[node name="rock51" parent="Environment" instance=ExtResource( 13 )]
transform = Transform( 0.89205, 0, -0.451937, 0, 1, 0, 0.451937, 0, 0.89205, -7.52305, -5.34211, 54.3938 )

[node name="rock52" parent="Environment" instance=ExtResource( 12 )]
transform = Transform( 0.955665, 0, 0.294457, 0, 1, 0, -0.294457, 0, 0.955665, 5.91048, -4.1339, 63.1165 )

[node name="rock53" parent="Environment" instance=ExtResource( 11 )]
transform = Transform( 0.239025, 0, -0.971013, 0, 1, 0, 0.971013, 0, 0.239025, 3.02304, -4.02503, 64.2652 )

[node name="rock54" parent="Environment" instance=ExtResource( 10 )]
transform = Transform( 0.746998, 0, 0.664826, 0, 1, 0, -0.664826, 0, 0.746998, 2.04131, -4.12875, 66.0728 )

[node name="rock55" parent="Environment" instance=ExtResource( 11 )]
transform = Transform( 0.671552, 0, 0.740957, 0, 1, 0, -0.740957, 0, 0.671552, 3.83551, -2.1765, 66.3313 )

[node name="rock56" parent="Environment" instance=ExtResource( 12 )]
transform = Transform( 1, 0, 0, 0, 1, 0, 0, 0, 1, -9.13486, -5.85905, 50.1035 )

[node name="rock57" parent="Environment" instance=ExtResource( 11 )]
transform = Transform( 0.971109, 0, 0.238635, 0, 1, 0, -0.238635, 0, 0.971109, -4.26682, -6.07686, 51.0917 )

[node name="rock80" parent="Environment" instance=ExtResource( 11 )]
transform = Transform( -0.995585, 0, 0.0938653, 0, 1, 0, -0.0938653, 0, -0.995585, -6.83641, -5.15409, 50.326 )

[node name="rock79" parent="Environment" instance=ExtResource( 11 )]
transform = Transform( -0.923358, 0, 0.383941, 0, 1, 0, -0.383941, 0, -0.923358, 2.14169, -2.57386, 63.7036 )

[node name="rock58" parent="Environment" instance=ExtResource( 10 )]
transform = Transform( 0.296058, 0, -0.95517, 0, 1, 0, 0.95517, 0, 0.296058, -12.1667, -6.54791, 51.5012 )

[node name="rock59" parent="Environment" instance=ExtResource( 11 )]
transform = Transform( -0.995916, 0, -0.0902851, 0, 1, 0, 0.0902851, 0, -0.995916, -3.0533, -5.69062, 52.9215 )

[node name="rock60" parent="Environment" instance=ExtResource( 12 )]
transform = Transform( 0.864564, 0, 0.502522, 0, 1, 0, -0.502522, 0, 0.864564, -9.8218, -5.76701, 53.0779 )

[node name="rock61" parent="Environment" instance=ExtResource( 13 )]
transform = Transform( 0.545298, 0, 0.838243, 0, 1, 0, -0.838243, 0, 0.545298, 3.19436, -3.57726, 61.6853 )

[node name="rock62" parent="Environment" instance=ExtResource( 12 )]
transform = Transform( 1, 0, 0, 0, 1, 0, 0, 0, 1, 0.293093, -3.54349, 62.8055 )

[node name="rock63" parent="Environment" instance=ExtResource( 11 )]
transform = Transform( 1, 0, 0, 0, 1, 0, 0, 0, 1, 2.28701, -5.14137, 59.5033 )

[node name="rock64" parent="Environment" instance=ExtResource( 10 )]
transform = Transform( 0.478309, 0, -0.878192, 0, 1, 0, 0.878192, 0, 0.478309, -2.35347, -4.71092, 64.5432 )

[node name="rock65" parent="Environment" instance=ExtResource( 11 )]
transform = Transform( 1, 0, 0, 0, 1, 0, 0, 0, 1, -5.485, -5.31022, 59.872 )

[node name="rock66" parent="Environment" instance=ExtResource( 12 )]
transform = Transform( 1, 0, 0, 0, 1, 0, 0, 0, 1, -0.319382, -5.64383, 58.4395 )

[node name="rock67" parent="Environment" instance=ExtResource( 11 )]
transform = Transform( -0.586627, 0, -0.809857, 0, 1, 0, 0.809857, 0, -0.586627, -3.98212, -4.97644, 62.0816 )

[node name="rock68" parent="Environment" instance=ExtResource( 13 )]
transform = Transform( -0.696439, 0, 0.717616, 0, 1, 0, -0.717616, 0, -0.696439, -3.51691, -4.24326, 58.1968 )

[node name="rock69" parent="Environment" instance=ExtResource( 12 )]
transform = Transform( 1, 0, 0, 0, 1, 0, 0, 0, 1, -0.711806, -5.62772, 60.5687 )

[node name="rock70" parent="Environment" instance=ExtResource( 11 )]
transform = Transform( 1, 0, 0, 0, 1, 0, 0, 0, 1, -4.31532, -2.62994, 54.3688 )

[node name="rock71" parent="Environment" instance=ExtResource( 12 )]
transform = Transform( -0.413788, 0, 0.910373, 0, 1, 0, -0.910373, 0, -0.413788, -1.92247, -1.28162, 60.108 )

[node name="rock72" parent="Environment" instance=ExtResource( 11 )]
transform = Transform( -0.952507, 0, -0.304515, 0, 1, 0, 0.304515, 0, -0.952507, -5.5846, -4.23005, 52.2421 )

[node name="rock73" parent="Environment" instance=ExtResource( 11 )]
transform = Transform( 1, 0, 0, 0, 1, 0, 0, 0, 1, -2.51219, -3.29126, 56.8671 )

[node name="rock74" parent="Environment" instance=ExtResource( 11 )]
transform = Transform( -0.911719, 0, -0.410814, 0, 1, 0, 0.410814, 0, -0.911719, -5.5681, -3.47678, 56.0812 )

[node name="rock75" parent="Environment" instance=ExtResource( 11 )]
transform = Transform( 0.716314, 0, -0.697778, 0, 1, 0, 0.697778, 0, 0.716314, 0.399884, -3.53596, 59.0958 )

[node name="rock76" parent="Environment" instance=ExtResource( 11 )]
transform = Transform( 0.500363, 0, -0.865816, 0, 1, 0, 0.865816, 0, 0.500363, 0.589098, -2.29752, 61.5217 )

[node name="rock77" parent="Environment" instance=ExtResource( 11 )]
transform = Transform( 0.00223394, 0, -0.999997, 0, 1, 0, 0.999997, 0, 0.00223394, -9.08428, -4.4001, 51.5649 )

[node name="rock78" parent="Environment" instance=ExtResource( 10 )]
transform = Transform( 0.441427, 0, -0.897297, 0, 1, 0, 0.897297, 0, 0.441427, -3.5876, -3.57504, 60.666 )

[node name="rock81" parent="Environment" instance=ExtResource( 11 )]
transform = Transform( -0.490691, 0, 0.871334, 0, 1, 0, -0.871334, 0, -0.490691, -9.04976, -4.01825, 49.6696 )

[node name="box30" parent="Environment" instance=ExtResource( 2 )]
transform = Transform( 0.999265, -0.0106812, 0.0368023, 0.0180807, 0.978166, -0.207038, -0.0337874, 0.207552, 0.97764, -6.40086, -5.72081, 47.2334 )

[node name="box31" parent="Environment" instance=ExtResource( 2 )]
transform = Transform( 0.867097, 0, 0.49814, 0, 1, 0, -0.49814, 0, 0.867097, -1.4615, -7.28794, 46.0742 )

[node name="box33" parent="Environment" instance=ExtResource( 2 )]
transform = Transform( 0.441083, 0, -0.897466, 0, 1, 0, 0.897466, 0, 0.441083, -4.03801, -7.25807, 45.9942 )

[node name="box34" parent="Environment" instance=ExtResource( 2 )]
transform = Transform( 0.569652, 0, -0.821886, 0, 1, 0, 0.821886, 0, 0.569652, -3.84186, -5.11351, 46.5904 )

[node name="box35" parent="Environment" instance=ExtResource( 2 )]
transform = Transform( 0.647003, 0, -0.762488, 0, 1, 0, 0.762488, 0, 0.647003, -2.80414, -7.27933, 48.1302 )

[node name="box32" parent="Environment" instance=ExtResource( 2 )]
transform = Transform( 0.883087, 0, 0.46921, 0, 1, 0, -0.46921, 0, 0.883087, -1.21754, -7.17061, 49.7494 )

[node name="lantern3" parent="Environment" instance=ExtResource( 15 )]
transform = Transform( 1, 0, 0, 0, 0.990833, -0.135093, 0, 0.135093, 0.990833, 11.0287, -6.50568, 5.19357 )

[node name="lantern5" parent="Environment" instance=ExtResource( 15 )]
transform = Transform( 0.776286, -0.0370402, -0.629291, 0.0314433, 0.999305, -0.0200311, 0.629596, -0.00423716, 0.776911, -28.1066, -6.42075, -16.7977 )

[node name="lantern7" parent="Environment" instance=ExtResource( 15 )]
transform = Transform( 0.835806, 0.090586, -0.541501, -0.0450017, 0.994279, 0.0968699, 0.547178, -0.0565959, 0.835101, 20.8517, -5.64141, -35.7598 )

[node name="lantern2" parent="Environment" instance=ExtResource( 15 )]
transform = Transform( 1, 0, 0, 0, 1, 0, 0, 0, 1, 66.7899, -7.12257, -50.7832 )

[node name="silo4" parent="Environment" instance=ExtResource( 5 )]
transform = Transform( 1, 0, 0, 0, 1, 0, 0, 0, 1, 54.007, -7.24092, -55.7089 )

[node name="silo5" parent="Environment" instance=ExtResource( 5 )]
transform = Transform( 1, 0, 0, 0, 1, 0, 0, 0, 1, 37.8683, -7.24092, -50.9078 )

[node name="silo6" parent="Environment" instance=ExtResource( 5 )]
transform = Transform( 1, 0, 0, 0, 1, 0, 0, 0, 1, 41.3862, -8.00645, -48.6741 )

[node name="box36" parent="Environment" instance=ExtResource( 2 )]
transform = Transform( 0.949113, 0, 0.314937, 0, 1, 0, -0.314937, 0, 0.949113, 44.9744, -6.84226, -49.3212 )

[node name="box37" parent="Environment" instance=ExtResource( 2 )]
transform = Transform( 0.750076, 0, 0.661351, 0, 1, 0, -0.661351, 0, 0.750076, 43.3653, -6.85238, -51.3456 )

[node name="fence8" parent="Environment" instance=ExtResource( 6 )]
transform = Transform( 0.367914, 0, 0.92986, 0, 1, 0, -0.92986, 0, 0.367914, 55.1228, -7.1616, -59.1971 )

[node name="fence10" parent="Environment" instance=ExtResource( 7 )]
transform = Transform( 0.367914, 0, 0.92986, 0, 1, 0, -0.92986, 0, 0.367914, 56.028, -7.16018, -61.4416 )

[node name="fence11" parent="Environment" instance=ExtResource( 6 )]
transform = Transform( 0.9299, -0.0244131, -0.367001, 0.0459155, 0.997695, 0.0499726, 0.364935, -0.0633206, 0.928877, 53.8195, -7.22835, -62.3794 )

[node name="fence12" parent="Environment" instance=ExtResource( 6 )]
transform = Transform( 0.930397, -0.0120657, -0.366355, 0.0344054, 0.99792, 0.0545101, 0.364935, -0.0633206, 0.928877, 51.4258, -7.32478, -63.3061 )

[node name="fence9" parent="Environment" instance=ExtResource( 6 )]
transform = Transform( 0.977779, -0.020436, 0.208638, 0.0227563, 0.999703, -0.00872654, -0.208397, 0.0132804, 0.977954, 48.9734, -7.36402, -63.5706 )

[node name="fence13" parent="Environment" instance=ExtResource( 6 )]
transform = Transform( 0.977779, -0.020436, 0.208638, 0.0227563, 0.999703, -0.00872654, -0.208397, 0.0132804, 0.977954, 46.4899, -7.41737, -63.0319 )

[node name="fence14" parent="Environment" instance=ExtResource( 6 )]
transform = Transform( -0.977779, -0.020436, -0.208638, -0.0227563, 0.999703, 0.00872654, 0.208397, 0.0132804, -0.977954, 43.9264, -7.47532, -62.3957 )

[node name="fence16" parent="Environment" instance=ExtResource( 6 )]
transform = Transform( -0.977991, 0, -0.208646, 0, 1, 0, 0.208646, 0, -0.977991, 38.9209, -7.56165, -61.3443 )

[node name="fence15" parent="Environment" instance=ExtResource( 6 )]
transform = Transform( 0.977779, -0.020436, 0.208638, 0.0227563, 0.999703, -0.00872654, -0.208397, 0.0132804, 0.977954, 41.5051, -7.52919, -62.0021 )

[node name="fence17" parent="Environment" instance=ExtResource( 6 )]
transform = Transform( 0.974871, 0.0809755, 0.207533, -0.0782079, 0.996705, -0.0215197, -0.208592, 0.00474818, 0.977991, 36.4474, -7.38774, -60.9206 )

[node name="fence18" parent="Environment" instance=ExtResource( 7 )]
transform = Transform( -0.978134, 0.01295, -0.20757, 0.0163323, 0.99976, -0.0145892, 0.207331, -0.0176603, -0.978111, 34.0293, -7.21029, -60.2685 )

[node name="lantern4" parent="Environment/fence18" instance=ExtResource( 15 )]
transform = Transform( -0.476381, 0.0369376, 0.878462, 0.011289, 0.999292, -0.0358964, -0.879166, -0.00718337, -0.476461, 0.044117, 1.00033, 0.0559158 )

[node name="fence19" parent="Environment" instance=ExtResource( 6 )]
transform = Transform( 0.239991, 0, -0.970775, 0.0143165, 0.999891, 0.00353926, 0.97067, -0.0147475, 0.239965, 34.6167, -7.15635, -57.7399 )

[node name="fence20" parent="Environment" instance=ExtResource( 6 )]
transform = Transform( 0.114032, 0.00188384, -0.993475, 0.0143165, 0.999891, 0.00353926, 0.993374, -0.0146267, 0.113992, 35.0399, -7.14094, -55.2257 )

[node name="fence21" parent="Environment" instance=ExtResource( 6 )]
transform = Transform( -0.176696, -0.000954001, 0.984265, -0.00985321, 0.999951, -0.000799657, -0.984216, -0.00983947, -0.176697, 35.2986, -7.09394, -52.7951 )

[node name="lantern4" parent="Environment" instance=ExtResource( 15 )]
transform = Transform( 0.959171, 0.115405, 0.258212, -0.111438, 0.993318, -0.0299994, -0.259948, 0, 0.965622, -71.1689, -6.36377, -42.0175 )

[node name="lantern6" parent="Environment" instance=ExtResource( 15 )]
transform = Transform( 0.504543, 0, -0.863387, -0.0437415, 0.998716, -0.0255615, 0.862278, 0.0506627, 0.503895, -34.0853, -7.29893, -87.5047 )

[node name="lantern8" parent="Environment" instance=ExtResource( 15 )]
transform = Transform( 0.99914, 0, -0.0414571, 0, 1, 0, 0.0414571, 0, 0.99914, 8.90719, -7.38256, 44.074 )

[node name="lantern9" parent="Environment" instance=ExtResource( 15 )]
transform = Transform( 1, 0, 0, 0, 1, 0, 0, 0, 1, 64.0735, -7.24524, 35.2888 )
