[gd_scene load_steps=14 format=2]

[ext_resource path="res://environment/TestTerrain.tscn" type="PackedScene" id=1]
[ext_resource path="res://items/FeedItem.tscn" type="PackedScene" id=2]
[ext_resource path="res://default_env.tres" type="Environment" id=3]
[ext_resource path="res://player/PlayerCharacter.tscn" type="PackedScene" id=4]
[ext_resource path="res://environment/fence1.tscn" type="PackedScene" id=6]
[ext_resource path="res://environment/fence2.tscn" type="PackedScene" id=7]
[ext_resource path="res://items/Fertilizerpile.tscn" type="PackedScene" id=8]
[ext_resource path="res://items/potion3.tscn" type="PackedScene" id=9]
[ext_resource path="res://environment/rock1.tscn" type="PackedScene" id=10]
[ext_resource path="res://environment/rock2.tscn" type="PackedScene" id=11]
[ext_resource path="res://environment/rock3.tscn" type="PackedScene" id=12]
[ext_resource path="res://environment/rock4.tscn" type="PackedScene" id=13]
[ext_resource path="res://tree/Tree.tscn" type="PackedScene" id=14]

[node name="TestScene" type="Spatial"]

[node name="Terrain" parent="." instance=ExtResource( 1 )]

[node name="WorldEnvironment" type="WorldEnvironment" parent="."]
environment = ExtResource( 3 )

[node name="Items" type="Node" parent="."]

[node name="FeedItem" parent="Items" instance=ExtResource( 2 )]
transform = Transform( 1, 0, 0, 0, 1, 0, 0, 0, 1, -6.60048, 2.24398, 6.87659 )

[node name="FeedItem2" parent="Items" instance=ExtResource( 2 )]
transform = Transform( 1, 0, 0, 0, 1, 0, 0, 0, 1, 0.570985, 1.93074, 5.36888 )

[node name="FeedItem3" parent="Items" instance=ExtResource( 2 )]
transform = Transform( 1, 0, 0, 0, 1, 0, 0, 0, 1, -8.02649, 2.5754, 1.333 )

[node name="Fertilizerpile" parent="Items" instance=ExtResource( 8 )]
transform = Transform( 1, 0, 0, 0, 1, 0, 0, 0, 1, 4.64621, 0.221648, 8.16862 )

[node name="potion3" parent="Items" instance=ExtResource( 9 )]
transform = Transform( 1, 0, 0, 0, 1, 0, 0, 0, 1, 2.628, 0.245359, 8.15989 )

[node name="PlayerCharacter" parent="." instance=ExtResource( 4 )]
transform = Transform( 1, 0, 0, 0, 1, 0, 0, 0, 1, -4.31539, 1.51909, 1.07967 )
pickupRadius = 2.0
jumpSpeed = 7.0

[node name="Camera" type="Camera" parent="PlayerCharacter"]
transform = Transform( 1, 0, 0, 0, 0.984808, 0.173648, 0, -0.173648, 0.984808, 4.31539, 2.48091, 12.9203 )

[node name="DebugLabel" type="Label" parent="PlayerCharacter/Camera"]
margin_right = 500.0
margin_bottom = 250.0
size_flags_horizontal = 3
size_flags_vertical = 3
__meta__ = {
"_edit_use_anchors_": false
}

[node name="Tree" parent="." instance=ExtResource( 14 )]
transform = Transform( 1, 0, 0, 0, 1, 0, 0, 0, 1, -3.90041, 1.90735e-06, -18.9712 )

[node name="fence1" parent="." instance=ExtResource( 6 )]
transform = Transform( 1, 0, 0, 0, 1, 0, 0, 0, 1, 4.2367, 0, 6.64675 )

[node name="fence2" parent="." instance=ExtResource( 7 )]
transform = Transform( 1, 0, 0, 0, 1, 0, 0, 0, 1, 6.64295, 0, 6.64488 )

[node name="rock1" parent="." instance=ExtResource( 10 )]
transform = Transform( 1, 0, 0, 0, 1, 0, 0, 0, 1, 5.1086, 1.10056, 1.97339 )

[node name="rock2" parent="." instance=ExtResource( 11 )]
transform = Transform( 0.399421, 0, -0.916767, 0, 1, 0, 0.916767, 0, 0.399421, 7.01414, 1.67956, 3.74671 )

[node name="rock3" parent="." instance=ExtResource( 12 )]
transform = Transform( -0.487967, 0, -0.872862, 0, 1, 0, 0.872862, 0, -0.487967, 1.71589, 2.06222, 0.738442 )

[node name="rock4" parent="." instance=ExtResource( 13 )]
transform = Transform( -0.488926, 0, 0.872325, 0, 1, 0, -0.872325, 0, -0.488926, 5.23999, 2.28827, -0.323126 )

[node name="rock5" parent="." instance=ExtResource( 13 )]
transform = Transform( -0.0648978, 0, -0.997892, 0, 1, 0, 0.997892, 0, -0.0648978, 7.11367, 2.28827, 1.26365 )
